INFINITY
INFINITY
INFINITY
69.527
41.7253
38.6005
256.33
89.0505
228.035
34.176
35.1141
109.986
2063.25
36.2215
164.56
36.6742
93.7763
88.1419
61.2209
82.8553
182.275
5.83095
89.202
72.45
99.0202
74.3303
123.13
41.0122
18.6011
107.541
55.1543
187.864
33.0606
491.065
25.2389
58.5235
62.0081
52.4976
272.72
246.862
42.45
2.82843
70.2353
14.4222
110.535
37.108
557.324
67.1193
307.402
56.8507
18.0278
140.407
327.263
28.4605
79.6241
305.601
14.8661
67.72
71.1758
30.2655
29.6985
5.38516
62.0967
30.4138
120.167
241.338
106.367
49.1935
46.0109
66.8506
23.3238
49.6588
29.9666
116.108
34.1321
369.709
9396.14
35.2278
84.7231
18.4391
10.7703
107.079
2977.22
5.65685
314.973
78.848
48.2597
10.198
79.3095
34.2345
17.2047
153.483
11.0454
207.251
22.8473
23.7065
17
17
149.907
29.4279
